[gd_scene load_steps=5 format=2]

[ext_resource path="res://scripts/board_v1.gd" type="Script" id=1]
[ext_resource path="res://models/pastille.tscn" type="PackedScene" id=2]
[ext_resource path="res://models/slot.tscn" type="PackedScene" id=3]



[sub_resource type="PhysicsMaterial" id=1]
friction = 0.2

[node name="board" type="Spatial"]
script = ExtResource( 1 )
depth = 5
radius = 1.9
gap = 0.615
radius2 = 0.5
height2 = 0.6
radius3 = 0.75
height3 = 0.1
grid = [ [ [ {
"albedo": null,
"mat": null,
"path": "buttons/b_0-0-0"
} ] ], [ [ {
"albedo": null,
"mat": null,
"path": "buttons/b_1-0-0"
} ], [ {
"albedo": null,
"mat": null,
"path": "buttons/b_1-1-0"
} ], [ {
"albedo": null,
"mat": null,
"path": "buttons/b_1-2-0"
} ], [ {
"albedo": null,
"mat": null,
"path": "buttons/b_1-3-0"
} ], [ {
"albedo": null,
"mat": null,
"path": "buttons/b_1-4-0"
} ], [ {
"albedo": null,
"mat": null,
"path": "buttons/b_1-5-0"
} ] ], [ [ {
"albedo": null,
"mat": null,
"path": "buttons/b_2-0-0"
}, {
"albedo": null,
"mat": null,
"path": "buttons/b_2-0-1"
} ], [ {
"albedo": null,
"mat": null,
"path": "buttons/b_2-1-0"
}, {
"albedo": null,
"mat": null,
"path": "buttons/b_2-1-1"
} ], [ {
"albedo": null,
"mat": null,
"path": "buttons/b_2-2-0"
}, {
"albedo": null,
"mat": null,
"path": "buttons/b_2-2-1"
} ], [ {
"albedo": null,
"mat": null,
"path": "buttons/b_2-3-0"
}, {
"albedo": null,
"mat": null,
"path": "buttons/b_2-3-1"
} ], [ {
"albedo": null,
"mat": null,
"path": "buttons/b_2-4-0"
}, {
"albedo": null,
"mat": null,
"path": "buttons/b_2-4-1"
} ], [ {
"albedo": null,
"mat": null,
"path": "buttons/b_2-5-0"
}, {
"albedo": null,
"mat": null,
"path": "buttons/b_2-5-1"
} ] ], [ [ {
"albedo": null,
"mat": null,
"path": "buttons/b_3-0-0"
}, {
"albedo": null,
"mat": null,
"path": "buttons/b_3-0-1"
}, {
"albedo": null,
"mat": null,
"path": "buttons/b_3-0-2"
} ], [ {
"albedo": null,
"mat": null,
"path": "buttons/b_3-1-0"
}, {
"albedo": null,
"mat": null,
"path": "buttons/b_3-1-1"
}, {
"albedo": null,
"mat": null,
"path": "buttons/b_3-1-2"
} ], [ {
"albedo": null,
"mat": null,
"path": "buttons/b_3-2-0"
}, {
"albedo": null,
"mat": null,
"path": "buttons/b_3-2-1"
}, {
"albedo": null,
"mat": null,
"path": "buttons/b_3-2-2"
} ], [ {
"albedo": null,
"mat": null,
"path": "buttons/b_3-3-0"
}, {
"albedo": null,
"mat": null,
"path": "buttons/b_3-3-1"
}, {
"albedo": null,
"mat": null,
"path": "buttons/b_3-3-2"
} ], [ {
"albedo": null,
"mat": null,
"path": "buttons/b_3-4-0"
}, {
"albedo": null,
"mat": null,
"path": "buttons/b_3-4-1"
}, {
"albedo": null,
"mat": null,
"path": "buttons/b_3-4-2"
} ], [ {
"albedo": null,
"mat": null,
"path": "buttons/b_3-5-0"
}, {
"albedo": null,
"mat": null,
"path": "buttons/b_3-5-1"
}, {
"albedo": null,
"mat": null,
"path": "buttons/b_3-5-2"
} ] ], [ [ {
"albedo": null,
"mat": null,
"path": "buttons/b_4-0-0"
}, {
"albedo": null,
"mat": null,
"path": "buttons/b_4-0-1"
}, {
"albedo": null,
"mat": null,
"path": "buttons/b_4-0-2"
}, {
"albedo": null,
"mat": null,
"path": "buttons/b_4-0-3"
} ], [ {
"albedo": null,
"mat": null,
"path": "buttons/b_4-1-0"
}, {
"albedo": null,
"mat": null,
"path": "buttons/b_4-1-1"
}, {
"albedo": null,
"mat": null,
"path": "buttons/b_4-1-2"
}, {
"albedo": null,
"mat": null,
"path": "buttons/b_4-1-3"
} ], [ {
"albedo": null,
"mat": null,
"path": "buttons/b_4-2-0"
}, {
"albedo": null,
"mat": null,
"path": "buttons/b_4-2-1"
}, {
"albedo": null,
"mat": null,
"path": "buttons/b_4-2-2"
}, {
"albedo": null,
"mat": null,
"path": "buttons/b_4-2-3"
} ], [ {
"albedo": null,
"mat": null,
"path": "buttons/b_4-3-0"
}, {
"albedo": null,
"mat": null,
"path": "buttons/b_4-3-1"
}, {
"albedo": null,
"mat": null,
"path": "buttons/b_4-3-2"
}, {
"albedo": null,
"mat": null,
"path": "buttons/b_4-3-3"
} ], [ {
"albedo": null,
"mat": null,
"path": "buttons/b_4-4-0"
}, {
"albedo": null,
"mat": null,
"path": "buttons/b_4-4-1"
}, {
"albedo": null,
"mat": null,
"path": "buttons/b_4-4-2"
}, {
"albedo": null,
"mat": null,
"path": "buttons/b_4-4-3"
} ], [ {
"albedo": null,
"mat": null,
"path": "buttons/b_4-5-0"
}, {
"albedo": null,
"mat": null,
"path": "buttons/b_4-5-1"
}, {
"albedo": null,
"mat": null,
"path": "buttons/b_4-5-2"
}, {
"albedo": null,
"mat": null,
"path": "buttons/b_4-5-3"
} ] ], [ [ {
"albedo": null,
"mat": null,
"path": "buttons/b_5-0-0"
}, {
"albedo": null,
"mat": null,
"path": "buttons/b_5-0-1"
}, {
"albedo": null,
"mat": null,
"path": "buttons/b_5-0-2"
}, {
"albedo": null,
"mat": null,
"path": "buttons/b_5-0-3"
}, {
"albedo": null,
"mat": null,
"path": "buttons/b_5-0-4"
} ], [ {
"albedo": null,
"mat": null,
"path": "buttons/b_5-1-0"
}, {
"albedo": null,
"mat": null,
"path": "buttons/b_5-1-1"
}, {
"albedo": null,
"mat": null,
"path": "buttons/b_5-1-2"
}, {
"albedo": null,
"mat": null,
"path": "buttons/b_5-1-3"
}, {
"albedo": null,
"mat": null,
"path": "buttons/b_5-1-4"
} ], [ {
"albedo": null,
"mat": null,
"path": "buttons/b_5-2-0"
}, {
"albedo": null,
"mat": null,
"path": "buttons/b_5-2-1"
}, {
"albedo": null,
"mat": null,
"path": "buttons/b_5-2-2"
}, {
"albedo": null,
"mat": null,
"path": "buttons/b_5-2-3"
}, {
"albedo": null,
"mat": null,
"path": "buttons/b_5-2-4"
} ], [ {
"albedo": null,
"mat": null,
"path": "buttons/b_5-3-0"
}, {
"albedo": null,
"mat": null,
"path": "buttons/b_5-3-1"
}, {
"albedo": null,
"mat": null,
"path": "buttons/b_5-3-2"
}, {
"albedo": null,
"mat": null,
"path": "buttons/b_5-3-3"
}, {
"albedo": null,
"mat": null,
"path": "buttons/b_5-3-4"
} ], [ {
"albedo": null,
"mat": null,
"path": "buttons/b_5-4-0"
}, {
"albedo": null,
"mat": null,
"path": "buttons/b_5-4-1"
}, {
"albedo": null,
"mat": null,
"path": "buttons/b_5-4-2"
}, {
"albedo": null,
"mat": null,
"path": "buttons/b_5-4-3"
}, {
"albedo": null,
"mat": null,
"path": "buttons/b_5-4-4"
} ], [ {
"albedo": null,
"mat": null,
"path": "buttons/b_5-5-0"
}, {
"albedo": null,
"mat": null,
"path": "buttons/b_5-5-1"
}, {
"albedo": null,
"mat": null,
"path": "buttons/b_5-5-2"
}, {
"albedo": null,
"mat": null,
"path": "buttons/b_5-5-3"
}, {
"albedo": null,
"mat": null,
"path": "buttons/b_5-5-4"
} ] ] ]

[node name="buttons" type="Spatial" parent="."]

[node name="b_0-0-0" parent="buttons" instance=ExtResource( 2 )]
level = 0
corner = 0
id = 0

[node name="b_1-0-0" parent="buttons" instance=ExtResource( 2 )]
transform = Transform( 0.866025, 0, -0.5, 0, 1, 0, 0.5, 0, 0.866025, 1.95761, 0, 1.13022 )
level = 1
corner = 0
id = 0

[node name="b_1-1-0" parent="buttons" instance=ExtResource( 2 )]
transform = Transform( -4.37114e-08, 0, -1, 0, 1, 0, 1, 0, -4.37114e-08, 1.38413e-16, 0, 2.26045 )
level = 1
corner = 1
id = 0

[node name="b_1-2-0" parent="buttons" instance=ExtResource( 2 )]
transform = Transform( -0.866025, 0, -0.5, 0, 1, 0, 0.5, 0, -0.866025, -1.95761, 0, 1.13022 )
level = 1
corner = 2
id = 0

[node name="b_1-3-0" parent="buttons" instance=ExtResource( 2 )]
transform = Transform( -0.866025, 0, 0.5, 0, 1, 0, -0.5, 0, -0.866025, -1.95761, 0, -1.13022 )
level = 1
corner = 3
id = 0

[node name="b_1-4-0" parent="buttons" instance=ExtResource( 2 )]
transform = Transform( 7.54979e-08, 0, 1, 0, 1, 0, -1, 0, 7.54979e-08, -2.42292e-15, 0, -2.26045 )
level = 1
corner = 4
id = 0

[node name="b_1-5-0" parent="buttons" instance=ExtResource( 2 )]
transform = Transform( 0.866025, 0, 0.5, 0, 1, 0, -0.5, 0, 0.866025, 1.95761, 0, -1.13022 )
level = 1
corner = 5
id = 0

[node name="b_2-0-0" parent="buttons" instance=ExtResource( 2 )]
transform = Transform( 0.866025, 0, -0.5, 0, 1, 0, 0.5, 0, 0.866025, 3.91521, 0, 2.26045 )
level = 2
corner = 0
id = 0

[node name="b_2-0-1" parent="buttons" instance=ExtResource( 2 )]
transform = Transform( 0.5, 0, -0.866025, 0, 1, 0, 0.866025, 0, 0.5, 1.95761, 0, 3.39067 )
level = 2
corner = 0
id = 1

[node name="b_2-1-0" parent="buttons" instance=ExtResource( 2 )]
transform = Transform( -4.37114e-08, 0, -1, 0, 1, 0, 1, 0, -4.37114e-08, 2.76825e-16, 0, 4.5209 )
level = 2
corner = 1
id = 0

[node name="b_2-1-1" parent="buttons" instance=ExtResource( 2 )]
transform = Transform( -0.5, 0, -0.866025, 0, 1, 0, 0.866025, 0, -0.5, -1.95761, 0, 3.39067 )
level = 2
corner = 1
id = 1

[node name="b_2-2-0" parent="buttons" instance=ExtResource( 2 )]
transform = Transform( -0.866025, 0, -0.5, 0, 1, 0, 0.5, 0, -0.866025, -3.91521, 0, 2.26045 )
level = 2
corner = 2
id = 0

[node name="b_2-2-1" parent="buttons" instance=ExtResource( 2 )]
transform = Transform( -1, 0, 8.74228e-08, 0, 1, 0, -8.74228e-08, 0, -1, -3.91521, 0, 0 )
level = 2
corner = 2
id = 1

[node name="b_2-3-0" parent="buttons" instance=ExtResource( 2 )]
transform = Transform( -0.866025, 0, 0.5, 0, 1, 0, -0.5, 0, -0.866025, -3.91521, 0, -2.26045 )
level = 2
corner = 3
id = 0

[node name="b_2-3-1" parent="buttons" instance=ExtResource( 2 )]
transform = Transform( -0.5, 0, 0.866025, 0, 1, 0, -0.866025, 0, -0.5, -1.95761, 0, -3.39067 )
level = 2
corner = 3
id = 1

[node name="b_2-4-0" parent="buttons" instance=ExtResource( 2 )]
transform = Transform( 7.54979e-08, 0, 1, 0, 1, 0, -1, 0, 7.54979e-08, -4.84584e-15, 0, -4.5209 )
level = 2
corner = 4
id = 0

[node name="b_2-4-1" parent="buttons" instance=ExtResource( 2 )]
transform = Transform( 0.5, 0, 0.866025, 0, 1, 0, -0.866025, 0, 0.5, 1.95761, 0, -3.39067 )
level = 2
corner = 4
id = 1

[node name="b_2-5-0" parent="buttons" instance=ExtResource( 2 )]
transform = Transform( 0.866025, 0, 0.5, 0, 1, 0, -0.5, 0, 0.866025, 3.91521, 0, -2.26045 )
level = 2
corner = 5
id = 0

[node name="b_2-5-1" parent="buttons" instance=ExtResource( 2 )]
transform = Transform( 1, 0, 0, 0, 1, 0, 0, 0, 1, 3.91521, 0, 0 )
level = 2
corner = 5
id = 1

[node name="b_3-0-0" parent="buttons" instance=ExtResource( 2 )]
transform = Transform( 0.866025, 0, -0.5, 0, 1, 0, 0.5, 0, 0.866025, 5.87282, 0, 3.39067 )
level = 3
corner = 0
id = 0

[node name="b_3-0-1" parent="buttons" instance=ExtResource( 2 )]
transform = Transform( 0.654654, 0, -0.755929, 0, 1, 0, 0.755929, 0, 0.654654, 3.91521, 0, 4.5209 )
level = 3
corner = 0
id = 1

[node name="b_3-0-2" parent="buttons" instance=ExtResource( 2 )]
transform = Transform( 0.327327, 0, -0.944911, 0, 1, 0, 0.944911, 0, 0.327327, 1.95761, 0, 5.65112 )
level = 3
corner = 0
id = 2

[node name="b_3-1-0" parent="buttons" instance=ExtResource( 2 )]
transform = Transform( -4.37114e-08, 0, -1, 0, 1, 0, 1, 0, -4.37114e-08, 4.15238e-16, 0, 6.78134 )
level = 3
corner = 1
id = 0

[node name="b_3-1-1" parent="buttons" instance=ExtResource( 2 )]
transform = Transform( -0.327327, 0, -0.944911, 0, 1, 0, 0.944911, 0, -0.327327, -1.95761, 0, 5.65112 )
level = 3
corner = 1
id = 1

[node name="b_3-1-2" parent="buttons" instance=ExtResource( 2 )]
transform = Transform( -0.654654, 0, -0.755929, 0, 1, 0, 0.755929, 0, -0.654654, -3.91521, 0, 4.5209 )
level = 3
corner = 1
id = 2

[node name="b_3-2-0" parent="buttons" instance=ExtResource( 2 )]
transform = Transform( -0.866025, 0, -0.5, 0, 1, 0, 0.5, 0, -0.866025, -5.87282, 0, 3.39067 )
level = 3
corner = 2
id = 0

[node name="b_3-2-1" parent="buttons" instance=ExtResource( 2 )]
transform = Transform( -0.981981, 0, -0.188982, 0, 1, 0, 0.188982, 0, -0.981981, -5.87282, 0, 1.13022 )
level = 3
corner = 2
id = 1

[node name="b_3-2-2" parent="buttons" instance=ExtResource( 2 )]
transform = Transform( -0.981981, 0, 0.188982, 0, 1, 0, -0.188982, 0, -0.981981, -5.87282, 0, -1.13022 )
level = 3
corner = 2
id = 2

[node name="b_3-3-0" parent="buttons" instance=ExtResource( 2 )]
transform = Transform( -0.866025, 0, 0.5, 0, 1, 0, -0.5, 0, -0.866025, -5.87282, 0, -3.39067 )
level = 3
corner = 3
id = 0

[node name="b_3-3-1" parent="buttons" instance=ExtResource( 2 )]
transform = Transform( -0.654654, 0, 0.755929, 0, 1, 0, -0.755929, 0, -0.654654, -3.91521, 0, -4.5209 )
level = 3
corner = 3
id = 1

[node name="b_3-3-2" parent="buttons" instance=ExtResource( 2 )]
transform = Transform( -0.327327, 0, 0.944911, 0, 1, 0, -0.944911, 0, -0.327327, -1.95761, 0, -5.65112 )
level = 3
corner = 3
id = 2

[node name="b_3-4-0" parent="buttons" instance=ExtResource( 2 )]
transform = Transform( 7.54979e-08, 0, 1, 0, 1, 0, -1, 0, 7.54979e-08, -7.26876e-15, 0, -6.78134 )
level = 3
corner = 4
id = 0

[node name="b_3-4-1" parent="buttons" instance=ExtResource( 2 )]
transform = Transform( 0.327327, 0, 0.944911, 0, 1, 0, -0.944911, 0, 0.327327, 1.95761, 0, -5.65112 )
level = 3
corner = 4
id = 1

[node name="b_3-4-2" parent="buttons" instance=ExtResource( 2 )]
transform = Transform( 0.654654, 0, 0.755929, 0, 1, 0, -0.755929, 0, 0.654654, 3.91521, 0, -4.5209 )
level = 3
corner = 4
id = 2

[node name="b_3-5-0" parent="buttons" instance=ExtResource( 2 )]
transform = Transform( 0.866025, 0, 0.5, 0, 1, 0, -0.5, 0, 0.866025, 5.87282, 0, -3.39067 )
level = 3
corner = 5
id = 0

[node name="b_3-5-1" parent="buttons" instance=ExtResource( 2 )]
transform = Transform( 0.981981, 0, 0.188982, 0, 1, 0, -0.188982, 0, 0.981981, 5.87282, 0, -1.13022 )
level = 3
corner = 5
id = 1

[node name="b_3-5-2" parent="buttons" instance=ExtResource( 2 )]
transform = Transform( 0.981981, 0, -0.188982, 0, 1, 0, 0.188982, 0, 0.981981, 5.87282, 0, 1.13022 )
level = 3
corner = 5
id = 2

[node name="b_4-0-0" parent="buttons" instance=ExtResource( 2 )]
transform = Transform( 0.866025, 0, -0.5, 0, 1, 0, 0.5, 0, 0.866025, 7.83042, 0, 4.5209 )
level = 4
corner = 0
id = 0

[node name="b_4-0-1" parent="buttons" instance=ExtResource( 2 )]
transform = Transform( 0.720577, 0, -0.693375, 0, 1, 0, 0.693375, 0, 0.720577, 5.87282, 0, 5.65112 )
level = 4
corner = 0
id = 1

[node name="b_4-0-2" parent="buttons" instance=ExtResource( 2 )]
transform = Transform( 0.5, 0, -0.866025, 0, 1, 0, 0.866025, 0, 0.5, 3.91521, 0, 6.78134 )
level = 4
corner = 0
id = 2

[node name="b_4-0-3" parent="buttons" instance=ExtResource( 2 )]
transform = Transform( 0.240192, 0, -0.970725, 0, 1, 0, 0.970725, 0, 0.240192, 1.95761, 0, 7.91157 )
level = 4
corner = 0
id = 3

[node name="b_4-1-0" parent="buttons" instance=ExtResource( 2 )]
transform = Transform( -4.37114e-08, 0, -1, 0, 1, 0, 1, 0, -4.37114e-08, 5.5365e-16, 0, 9.04179 )
level = 4
corner = 1
id = 0

[node name="b_4-1-1" parent="buttons" instance=ExtResource( 2 )]
transform = Transform( -0.240192, 0, -0.970725, 0, 1, 0, 0.970725, 0, -0.240192, -1.95761, 0, 7.91157 )
level = 4
corner = 1
id = 1

[node name="b_4-1-2" parent="buttons" instance=ExtResource( 2 )]
transform = Transform( -0.5, 0, -0.866025, 0, 1, 0, 0.866025, 0, -0.5, -3.91521, 0, 6.78134 )
level = 4
corner = 1
id = 2

[node name="b_4-1-3" parent="buttons" instance=ExtResource( 2 )]
transform = Transform( -0.720577, 0, -0.693375, 0, 1, 0, 0.693375, 0, -0.720577, -5.87282, 0, 5.65112 )
level = 4
corner = 1
id = 3

[node name="b_4-2-0" parent="buttons" instance=ExtResource( 2 )]
transform = Transform( -0.866025, 0, -0.5, 0, 1, 0, 0.5, 0, -0.866025, -7.83042, 0, 4.5209 )
level = 4
corner = 2
id = 0

[node name="b_4-2-1" parent="buttons" instance=ExtResource( 2 )]
transform = Transform( -0.960769, 0, -0.27735, 0, 1, 0, 0.27735, 0, -0.960769, -7.83042, 0, 2.26045 )
level = 4
corner = 2
id = 1

[node name="b_4-2-2" parent="buttons" instance=ExtResource( 2 )]
transform = Transform( -1, 0, 8.74228e-08, 0, 1, 0, -8.74228e-08, 0, -1, -7.83042, 0, 0 )
level = 4
corner = 2
id = 2

[node name="b_4-2-3" parent="buttons" instance=ExtResource( 2 )]
transform = Transform( -0.960769, 0, 0.27735, 0, 1, 0, -0.27735, 0, -0.960769, -7.83042, 0, -2.26045 )
level = 4
corner = 2
id = 3

[node name="b_4-3-0" parent="buttons" instance=ExtResource( 2 )]
transform = Transform( -0.866025, 0, 0.5, 0, 1, 0, -0.5, 0, -0.866025, -7.83042, 0, -4.5209 )
level = 4
corner = 3
id = 0

[node name="b_4-3-1" parent="buttons" instance=ExtResource( 2 )]
transform = Transform( -0.720577, 0, 0.693375, 0, 1, 0, -0.693375, 0, -0.720577, -5.87282, 0, -5.65112 )
level = 4
corner = 3
id = 1

[node name="b_4-3-2" parent="buttons" instance=ExtResource( 2 )]
transform = Transform( -0.5, 0, 0.866025, 0, 1, 0, -0.866025, 0, -0.5, -3.91521, 0, -6.78134 )
level = 4
corner = 3
id = 2

[node name="b_4-3-3" parent="buttons" instance=ExtResource( 2 )]
transform = Transform( -0.240192, 0, 0.970725, 0, 1, 0, -0.970725, 0, -0.240192, -1.95761, 0, -7.91157 )
level = 4
corner = 3
id = 3

[node name="b_4-4-0" parent="buttons" instance=ExtResource( 2 )]
transform = Transform( 7.54979e-08, 0, 1, 0, 1, 0, -1, 0, 7.54979e-08, -9.69168e-15, 0, -9.04179 )
level = 4
corner = 4
id = 0

[node name="b_4-4-1" parent="buttons" instance=ExtResource( 2 )]
transform = Transform( 0.240192, 0, 0.970725, 0, 1, 0, -0.970725, 0, 0.240192, 1.95761, 0, -7.91157 )
level = 4
corner = 4
id = 1

[node name="b_4-4-2" parent="buttons" instance=ExtResource( 2 )]
transform = Transform( 0.5, 0, 0.866025, 0, 1, 0, -0.866025, 0, 0.5, 3.91521, 0, -6.78134 )
level = 4
corner = 4
id = 2

[node name="b_4-4-3" parent="buttons" instance=ExtResource( 2 )]
transform = Transform( 0.720577, 0, 0.693375, 0, 1, 0, -0.693375, 0, 0.720577, 5.87282, 0, -5.65112 )
level = 4
corner = 4
id = 3

[node name="b_4-5-0" parent="buttons" instance=ExtResource( 2 )]
transform = Transform( 0.866025, 0, 0.5, 0, 1, 0, -0.5, 0, 0.866025, 7.83042, 0, -4.5209 )
level = 4
corner = 5
id = 0

[node name="b_4-5-1" parent="buttons" instance=ExtResource( 2 )]
transform = Transform( 0.960769, 0, 0.27735, 0, 1, 0, -0.27735, 0, 0.960769, 7.83042, 0, -2.26045 )
level = 4
corner = 5
id = 1

[node name="b_4-5-2" parent="buttons" instance=ExtResource( 2 )]
transform = Transform( 1, 0, 0, 0, 1, 0, 0, 0, 1, 7.83042, 0, 0 )
level = 4
corner = 5
id = 2

[node name="b_4-5-3" parent="buttons" instance=ExtResource( 2 )]
transform = Transform( 0.960769, 0, -0.27735, 0, 1, 0, 0.27735, 0, 0.960769, 7.83042, 0, 2.26045 )
level = 4
corner = 5
id = 3

[node name="b_5-0-0" parent="buttons" instance=ExtResource( 2 )]
transform = Transform( 0.866025, 0, -0.5, 0, 1, 0, 0.5, 0, 0.866025, 9.78803, 0, 5.65112 )
level = 5
corner = 0
id = 0

[node name="b_5-0-1" parent="buttons" instance=ExtResource( 2 )]
transform = Transform( 0.755929, 0, -0.654654, 0, 1, 0, 0.654654, 0, 0.755929, 7.83042, 0, 6.78134 )
level = 5
corner = 0
id = 1

[node name="b_5-0-2" parent="buttons" instance=ExtResource( 2 )]
transform = Transform( 0.59604, 0, -0.802955, 0, 1, 0, 0.802955, 0, 0.59604, 5.87282, 0, 7.91157 )
level = 5
corner = 0
id = 2

[node name="b_5-0-3" parent="buttons" instance=ExtResource( 2 )]
transform = Transform( 0.39736, 0, -0.917663, 0, 1, 0, 0.917663, 0, 0.39736, 3.91521, 0, 9.04179 )
level = 5
corner = 0
id = 3

[node name="b_5-0-4" parent="buttons" instance=ExtResource( 2 )]
transform = Transform( 0.188982, 0, -0.981981, 0, 1, 0, 0.981981, 0, 0.188982, 1.95761, 0, 10.172 )
level = 5
corner = 0
id = 4

[node name="b_5-1-0" parent="buttons" instance=ExtResource( 2 )]
transform = Transform( -4.37114e-08, 0, -1, 0, 1, 0, 1, 0, -4.37114e-08, 6.92063e-16, 0, 11.3022 )
level = 5
corner = 1
id = 0

[node name="b_5-1-1" parent="buttons" instance=ExtResource( 2 )]
transform = Transform( -0.188982, 0, -0.981981, 0, 1, 0, 0.981981, 0, -0.188982, -1.95761, 0, 10.172 )
level = 5
corner = 1
id = 1

[node name="b_5-1-2" parent="buttons" instance=ExtResource( 2 )]
transform = Transform( -0.39736, 0, -0.917663, 0, 1, 0, 0.917663, 0, -0.39736, -3.91521, 0, 9.04179 )
level = 5
corner = 1
id = 2

[node name="b_5-1-3" parent="buttons" instance=ExtResource( 2 )]
transform = Transform( -0.59604, 0, -0.802955, 0, 1, 0, 0.802955, 0, -0.59604, -5.87282, 0, 7.91157 )
level = 5
corner = 1
id = 3

[node name="b_5-1-4" parent="buttons" instance=ExtResource( 2 )]
transform = Transform( -0.755929, 0, -0.654654, 0, 1, 0, 0.654654, 0, -0.755929, -7.83042, 0, 6.78134 )
level = 5
corner = 1
id = 4

[node name="b_5-2-0" parent="buttons" instance=ExtResource( 2 )]
transform = Transform( -0.866025, 0, -0.5, 0, 1, 0, 0.5, 0, -0.866025, -9.78803, 0, 5.65112 )
level = 5
corner = 2
id = 0

[node name="b_5-2-1" parent="buttons" instance=ExtResource( 2 )]
transform = Transform( -0.944911, 0, -0.327327, 0, 1, 0, 0.327327, 0, -0.944911, -9.78803, 0, 3.39067 )
level = 5
corner = 2
id = 1

[node name="b_5-2-2" parent="buttons" instance=ExtResource( 2 )]
transform = Transform( -0.993399, 0, -0.114708, 0, 1, 0, 0.114708, 0, -0.993399, -9.78803, 0, 1.13022 )
level = 5
corner = 2
id = 2

[node name="b_5-2-3" parent="buttons" instance=ExtResource( 2 )]
transform = Transform( -0.993399, 0, 0.114708, 0, 1, 0, -0.114708, 0, -0.993399, -9.78803, 0, -1.13022 )
level = 5
corner = 2
id = 3

[node name="b_5-2-4" parent="buttons" instance=ExtResource( 2 )]
transform = Transform( -0.944911, 0, 0.327327, 0, 1, 0, -0.327327, 0, -0.944911, -9.78803, 0, -3.39067 )
level = 5
corner = 2
id = 4

[node name="b_5-3-0" parent="buttons" instance=ExtResource( 2 )]
transform = Transform( -0.866025, 0, 0.5, 0, 1, 0, -0.5, 0, -0.866025, -9.78803, 0, -5.65112 )
level = 5
corner = 3
id = 0

[node name="b_5-3-1" parent="buttons" instance=ExtResource( 2 )]
transform = Transform( -0.755929, 0, 0.654654, 0, 1, 0, -0.654654, 0, -0.755929, -7.83042, 0, -6.78134 )
level = 5
corner = 3
id = 1

[node name="b_5-3-2" parent="buttons" instance=ExtResource( 2 )]
transform = Transform( -0.59604, 0, 0.802955, 0, 1, 0, -0.802955, 0, -0.59604, -5.87282, 0, -7.91157 )
level = 5
corner = 3
id = 2

[node name="b_5-3-3" parent="buttons" instance=ExtResource( 2 )]
transform = Transform( -0.39736, 0, 0.917663, 0, 1, 0, -0.917663, 0, -0.39736, -3.91521, 0, -9.04179 )
level = 5
corner = 3
id = 3

[node name="b_5-3-4" parent="buttons" instance=ExtResource( 2 )]
transform = Transform( -0.188982, 0, 0.981981, 0, 1, 0, -0.981981, 0, -0.188982, -1.95761, 0, -10.172 )
level = 5
corner = 3
id = 4

[node name="b_5-4-0" parent="buttons" instance=ExtResource( 2 )]
transform = Transform( 7.54979e-08, 0, 1, 0, 1, 0, -1, 0, 7.54979e-08, -1.21146e-14, 0, -11.3022 )
level = 5
corner = 4
id = 0

[node name="b_5-4-1" parent="buttons" instance=ExtResource( 2 )]
transform = Transform( 0.188982, 0, 0.981981, 0, 1, 0, -0.981981, 0, 0.188982, 1.95761, 0, -10.172 )
level = 5
corner = 4
id = 1

[node name="b_5-4-2" parent="buttons" instance=ExtResource( 2 )]
transform = Transform( 0.39736, 0, 0.917663, 0, 1, 0, -0.917663, 0, 0.39736, 3.91521, 0, -9.04179 )
level = 5
corner = 4
id = 2

[node name="b_5-4-3" parent="buttons" instance=ExtResource( 2 )]
transform = Transform( 0.59604, 0, 0.802955, 0, 1, 0, -0.802955, 0, 0.59604, 5.87282, 0, -7.91157 )
level = 5
corner = 4
id = 3

[node name="b_5-4-4" parent="buttons" instance=ExtResource( 2 )]
transform = Transform( 0.755929, 0, 0.654654, 0, 1, 0, -0.654654, 0, 0.755929, 7.83042, 0, -6.78134 )
level = 5
corner = 4
id = 4

[node name="b_5-5-0" parent="buttons" instance=ExtResource( 2 )]
transform = Transform( 0.866025, 0, 0.5, 0, 1, 0, -0.5, 0, 0.866025, 9.78803, 0, -5.65112 )
level = 5
corner = 5
id = 0

[node name="b_5-5-1" parent="buttons" instance=ExtResource( 2 )]
transform = Transform( 0.944911, 0, 0.327327, 0, 1, 0, -0.327327, 0, 0.944911, 9.78803, 0, -3.39067 )
level = 5
corner = 5
id = 1

[node name="b_5-5-2" parent="buttons" instance=ExtResource( 2 )]
transform = Transform( 0.993399, 0, 0.114708, 0, 1, 0, -0.114708, 0, 0.993399, 9.78803, 0, -1.13022 )
level = 5
corner = 5
id = 2

[node name="b_5-5-3" parent="buttons" instance=ExtResource( 2 )]
transform = Transform( 0.993399, 0, -0.114708, 0, 1, 0, 0.114708, 0, 0.993399, 9.78803, 0, 1.13022 )
level = 5
corner = 5
id = 3

[node name="b_5-5-4" parent="buttons" instance=ExtResource( 2 )]
transform = Transform( 0.944911, 0, -0.327327, 0, 1, 0, 0.327327, 0, 0.944911, 9.78803, 0, 3.39067 )
level = 5
corner = 5
id = 4

[node name="slots" type="Spatial" parent="."]

[node name="slot_0" parent="slots" instance=ExtResource( 3 )]
transform = Transform( 0.5, 0, 0, 0, 0.6, 0, 0, 0, 0.5, 0.657874, 0, 1.13947 )
physics_material_override = SubResource( 1 )

[node name="slot_1" parent="slots" instance=ExtResource( 3 )]
transform = Transform( 0.25, 0, 0.433013, 0, 0.6, 0, -0.433013, 0, 0.25, -0.657874, 0, 1.13947 )
physics_material_override = SubResource( 1 )

[node name="slot_2" parent="slots" instance=ExtResource( 3 )]
transform = Transform( -0.25, 0, 0.433013, 0, 0.6, 0, -0.433013, 0, -0.25, -1.31575, 0, 0 )
physics_material_override = SubResource( 1 )

[node name="slot_3" parent="slots" instance=ExtResource( 3 )]
transform = Transform( -0.5, 0, -4.37114e-08, 0, 0.6, 0, 4.37114e-08, 0, -0.5, -0.657874, 0, -1.13947 )
physics_material_override = SubResource( 1 )

[node name="slot_4" parent="slots" instance=ExtResource( 3 )]
transform = Transform( -0.25, 0, -0.433013, 0, 0.6, 0, 0.433013, 0, -0.25, 0.657874, 0, -1.13947 )
physics_material_override = SubResource( 1 )

[node name="slot_5" parent="slots" instance=ExtResource( 3 )]
transform = Transform( 0.25, 0, -0.433013, 0, 0.6, 0, 0.433013, 0, 0.25, 1.31575, 0, 0 )
physics_material_override = SubResource( 1 )

[node name="slot_6" parent="slots" instance=ExtResource( 3 )]
transform = Transform( 0.5, 0, 0, 0, 0.6, 0, 0, 0, 0.5, 2.61548, 0, 2.2697 )
physics_material_override = SubResource( 1 )

[node name="slot_7" parent="slots" instance=ExtResource( 3 )]
transform = Transform( 0.25, 0, 0.433013, 0, 0.6, 0, -0.433013, 0, 0.25, 1.29973, 0, 2.2512 )
physics_material_override = SubResource( 1 )

[node name="slot_8" parent="slots" instance=ExtResource( 3 )]
transform = Transform( -0.25, 0, 0.433013, 0, 0.6, 0, -0.433013, 0, -0.25, 0.657874, 0, 3.39992 )
physics_material_override = SubResource( 1 )

[node name="slot_9" parent="slots" instance=ExtResource( 3 )]
transform = Transform( -0.5, 0, -4.37114e-08, 0, 0.6, 0, 4.37114e-08, 0, -0.5, -0.657874, 0, 3.39992 )
physics_material_override = SubResource( 1 )

[node name="slot_10" parent="slots" instance=ExtResource( 3 )]
transform = Transform( -0.25, 0, -0.433013, 0, 0.6, 0, 0.433013, 0, -0.25, -1.29973, 0, 2.2512 )
physics_material_override = SubResource( 1 )

[node name="slot_11" parent="slots" instance=ExtResource( 3 )]
transform = Transform( 0.25, 0, -0.433013, 0, 0.6, 0, 0.433013, 0, 0.25, -2.61548, 0, 2.2697 )
physics_material_override = SubResource( 1 )

[node name="slot_12" parent="slots" instance=ExtResource( 3 )]
transform = Transform( 0.5, 0, 8.74228e-08, 0, 0.6, 0, -8.74228e-08, 0, 0.5, -3.27335, 0, 1.13022 )
physics_material_override = SubResource( 1 )

[node name="slot_13" parent="slots" instance=ExtResource( 3 )]
transform = Transform( 0.25, 0, 0.433013, 0, 0.6, 0, -0.433013, 0, 0.25, -2.59946, 0, 1.19209e-07 )
physics_material_override = SubResource( 1 )

[node name="slot_14" parent="slots" instance=ExtResource( 3 )]
transform = Transform( -0.25, 0, 0.433013, 0, 0.6, 0, -0.433013, 0, -0.25, -3.27335, 0, -1.13022 )
physics_material_override = SubResource( 1 )

[node name="slot_15" parent="slots" instance=ExtResource( 3 )]
transform = Transform( -0.5, 0, -1.19249e-08, 0, 0.6, 0, 1.19249e-08, 0, -0.5, -2.61548, 0, -2.2697 )
physics_material_override = SubResource( 1 )

[node name="slot_16" parent="slots" instance=ExtResource( 3 )]
transform = Transform( -0.25, 0, -0.433013, 0, 0.6, 0, 0.433013, 0, -0.25, -1.29973, 0, -2.2512 )
physics_material_override = SubResource( 1 )

[node name="slot_17" parent="slots" instance=ExtResource( 3 )]
transform = Transform( 0.25, 0, -0.433013, 0, 0.6, 0, 0.433013, 0, 0.25, -0.657874, 0, -3.39992 )
physics_material_override = SubResource( 1 )

[node name="slot_18" parent="slots" instance=ExtResource( 3 )]
transform = Transform( 0.5, 0, 1.74846e-07, 0, 0.6, 0, -1.74846e-07, 0, 0.5, 0.657874, 0, -3.39992 )
physics_material_override = SubResource( 1 )

[node name="slot_19" parent="slots" instance=ExtResource( 3 )]
transform = Transform( 0.25, 0, 0.433013, 0, 0.6, 0, -0.433013, 0, 0.25, 1.29973, 0, -2.2512 )
physics_material_override = SubResource( 1 )

[node name="slot_20" parent="slots" instance=ExtResource( 3 )]
transform = Transform( -0.25, 0, 0.433013, 0, 0.6, 0, -0.433013, 0, -0.25, 2.61548, 0, -2.2697 )
physics_material_override = SubResource( 1 )

[node name="slot_21" parent="slots" instance=ExtResource( 3 )]
transform = Transform( -0.5, 0, 1.39071e-07, 0, 0.6, 0, -1.39071e-07, 0, -0.5, 3.27335, 0, -1.13022 )
physics_material_override = SubResource( 1 )

[node name="slot_22" parent="slots" instance=ExtResource( 3 )]
transform = Transform( -0.25, 0, -0.433013, 0, 0.6, 0, 0.433013, 0, -0.25, 2.59946, 0, -1.19209e-07 )
physics_material_override = SubResource( 1 )

[node name="slot_23" parent="slots" instance=ExtResource( 3 )]
transform = Transform( 0.25, 0, -0.433013, 0, 0.6, 0, 0.433013, 0, 0.25, 3.27335, 0, 1.13022 )
physics_material_override = SubResource( 1 )

[node name="slot_24" parent="slots" instance=ExtResource( 3 )]
transform = Transform( 0.5, 0, 0, 0, 0.6, 0, 0, 0, 0.5, 4.57309, 0, 3.39992 )
physics_material_override = SubResource( 1 )

[node name="slot_25" parent="slots" instance=ExtResource( 3 )]
transform = Transform( 0.25, 0, 0.433013, 0, 0.6, 0, -0.433013, 0, 0.25, 3.25734, 0, 3.38142 )
physics_material_override = SubResource( 1 )

[node name="slot_26" parent="slots" instance=ExtResource( 3 )]
transform = Transform( -0.25, 0, 0.433013, 0, 0.6, 0, -0.433013, 0, -0.25, 2.61548, 0, 4.53014 )
physics_material_override = SubResource( 1 )

[node name="slot_27" parent="slots" instance=ExtResource( 3 )]
transform = Transform( -0.5, 0, -4.37114e-08, 0, 0.6, 0, 4.37114e-08, 0, -0.5, 1.29973, 0, 4.51165 )
physics_material_override = SubResource( 1 )

[node name="slot_28" parent="slots" instance=ExtResource( 3 )]
transform = Transform( -0.25, 0, -0.433013, 0, 0.6, 0, 0.433013, 0, -0.25, 0.657874, 0, 5.66037 )
physics_material_override = SubResource( 1 )

[node name="slot_29" parent="slots" instance=ExtResource( 3 )]
transform = Transform( 0.25, 0, -0.433013, 0, 0.6, 0, 0.433013, 0, 0.25, -0.657874, 0, 5.66037 )
physics_material_override = SubResource( 1 )

[node name="slot_30" parent="slots" instance=ExtResource( 3 )]
transform = Transform( 0.5, 0, 8.74228e-08, 0, 0.6, 0, -8.74228e-08, 0, 0.5, -1.29973, 0, 4.51165 )
physics_material_override = SubResource( 1 )

[node name="slot_31" parent="slots" instance=ExtResource( 3 )]
transform = Transform( 0.25, 0, 0.433013, 0, 0.6, 0, -0.433013, 0, 0.25, -2.61548, 0, 4.53014 )
physics_material_override = SubResource( 1 )

[node name="slot_32" parent="slots" instance=ExtResource( 3 )]
transform = Transform( -0.25, 0, 0.433013, 0, 0.6, 0, -0.433013, 0, -0.25, -3.25734, 0, 3.38142 )
physics_material_override = SubResource( 1 )

[node name="slot_33" parent="slots" instance=ExtResource( 3 )]
transform = Transform( -0.5, 0, -1.19249e-08, 0, 0.6, 0, 1.19249e-08, 0, -0.5, -4.57309, 0, 3.39992 )
physics_material_override = SubResource( 1 )

[node name="slot_34" parent="slots" instance=ExtResource( 3 )]
transform = Transform( -0.25, 0, -0.433013, 0, 0.6, 0, 0.433013, 0, -0.25, -5.23096, 0, 2.26045 )
physics_material_override = SubResource( 1 )

[node name="slot_35" parent="slots" instance=ExtResource( 3 )]
transform = Transform( 0.25, 0, -0.433013, 0, 0.6, 0, 0.433013, 0, 0.25, -4.55707, 0, 1.13022 )
physics_material_override = SubResource( 1 )

[node name="slot_36" parent="slots" instance=ExtResource( 3 )]
transform = Transform( 0.5, 0, 1.74846e-07, 0, 0.6, 0, -1.74846e-07, 0, 0.5, -5.23096, 0, 0 )
physics_material_override = SubResource( 1 )

[node name="slot_37" parent="slots" instance=ExtResource( 3 )]
transform = Transform( 0.25, 0, 0.433013, 0, 0.6, 0, -0.433013, 0, 0.25, -4.55707, 0, -1.13022 )
physics_material_override = SubResource( 1 )

[node name="slot_38" parent="slots" instance=ExtResource( 3 )]
transform = Transform( -0.25, 0, 0.433013, 0, 0.6, 0, -0.433013, 0, -0.25, -5.23096, 0, -2.26045 )
physics_material_override = SubResource( 1 )

[node name="slot_39" parent="slots" instance=ExtResource( 3 )]
transform = Transform( -0.5, 0, 1.39071e-07, 0, 0.6, 0, -1.39071e-07, 0, -0.5, -4.57309, 0, -3.39992 )
physics_material_override = SubResource( 1 )

[node name="slot_40" parent="slots" instance=ExtResource( 3 )]
transform = Transform( -0.25, 0, -0.433013, 0, 0.6, 0, 0.433013, 0, -0.25, -3.25734, 0, -3.38142 )
physics_material_override = SubResource( 1 )

[node name="slot_41" parent="slots" instance=ExtResource( 3 )]
transform = Transform( 0.25, 0, -0.433013, 0, 0.6, 0, 0.433013, 0, 0.25, -2.61548, 0, -4.53014 )
physics_material_override = SubResource( 1 )

[node name="slot_42" parent="slots" instance=ExtResource( 3 )]
transform = Transform( 0.5, 0, 2.38498e-08, 0, 0.6, 0, -2.38498e-08, 0, 0.5, -1.29973, 0, -4.51165 )
physics_material_override = SubResource( 1 )

[node name="slot_43" parent="slots" instance=ExtResource( 3 )]
transform = Transform( 0.25, 0, 0.433013, 0, 0.6, 0, -0.433013, 0, 0.25, -0.657874, 0, -5.66037 )
physics_material_override = SubResource( 1 )

[node name="slot_44" parent="slots" instance=ExtResource( 3 )]
transform = Transform( -0.25, 0, 0.433013, 0, 0.6, 0, -0.433013, 0, -0.25, 0.657874, 0, -5.66037 )
physics_material_override = SubResource( 1 )

[node name="slot_45" parent="slots" instance=ExtResource( 3 )]
transform = Transform( -0.5, 0, 2.90067e-07, 0, 0.6, 0, -2.90067e-07, 0, -0.5, 1.29973, 0, -4.51165 )
physics_material_override = SubResource( 1 )

[node name="slot_46" parent="slots" instance=ExtResource( 3 )]
transform = Transform( -0.25, 0, -0.433013, 0, 0.6, 0, 0.433013, 0, -0.25, 2.61548, 0, -4.53014 )
physics_material_override = SubResource( 1 )

[node name="slot_47" parent="slots" instance=ExtResource( 3 )]
transform = Transform( 0.25, 0, -0.433012, 0, 0.6, 0, 0.433012, 0, 0.25, 3.25734, 0, -3.38142 )
physics_material_override = SubResource( 1 )

[node name="slot_48" parent="slots" instance=ExtResource( 3 )]
transform = Transform( 0.5, 0, 3.49691e-07, 0, 0.6, 0, -3.49691e-07, 0, 0.5, 4.57309, 0, -3.39992 )
physics_material_override = SubResource( 1 )

[node name="slot_49" parent="slots" instance=ExtResource( 3 )]
transform = Transform( 0.25, 0, 0.433013, 0, 0.6, 0, -0.433013, 0, 0.25, 5.23096, 0, -2.26045 )
physics_material_override = SubResource( 1 )

[node name="slot_50" parent="slots" instance=ExtResource( 3 )]
transform = Transform( -0.25, 0, 0.433013, 0, 0.6, 0, -0.433013, 0, -0.25, 4.55707, 0, -1.13022 )
physics_material_override = SubResource( 1 )

[node name="slot_51" parent="slots" instance=ExtResource( 3 )]
transform = Transform( -0.5, 0, -3.57746e-08, 0, 0.6, 0, 3.57746e-08, 0, -0.5, 5.23096, 0, 0 )
physics_material_override = SubResource( 1 )

[node name="slot_52" parent="slots" instance=ExtResource( 3 )]
transform = Transform( -0.25, 0, -0.433013, 0, 0.6, 0, 0.433013, 0, -0.25, 4.55707, 0, 1.13022 )
physics_material_override = SubResource( 1 )

[node name="slot_53" parent="slots" instance=ExtResource( 3 )]
transform = Transform( 0.25, 0, -0.433013, 0, 0.6, 0, 0.433013, 0, 0.25, 5.23096, 0, 2.26045 )
physics_material_override = SubResource( 1 )

[node name="slot_54" parent="slots" instance=ExtResource( 3 )]
transform = Transform( 0.5, 0, 0, 0, 0.6, 0, 0, 0, 0.5, 6.53069, 0, 4.53014 )
physics_material_override = SubResource( 1 )

[node name="slot_55" parent="slots" instance=ExtResource( 3 )]
transform = Transform( 0.25, 0, 0.433013, 0, 0.6, 0, -0.433013, 0, 0.25, 5.21494, 0, 4.51165 )
physics_material_override = SubResource( 1 )

[node name="slot_56" parent="slots" instance=ExtResource( 3 )]
transform = Transform( -0.25, 0, 0.433013, 0, 0.6, 0, -0.433013, 0, -0.25, 4.57309, 0, 5.66037 )
physics_material_override = SubResource( 1 )

[node name="slot_57" parent="slots" instance=ExtResource( 3 )]
transform = Transform( -0.5, 0, -4.37114e-08, 0, 0.6, 0, 4.37114e-08, 0, -0.5, 3.25734, 0, 5.64187 )
physics_material_override = SubResource( 1 )

[node name="slot_58" parent="slots" instance=ExtResource( 3 )]
transform = Transform( -0.25, 0, -0.433013, 0, 0.6, 0, 0.433013, 0, -0.25, 2.61548, 0, 6.79059 )
physics_material_override = SubResource( 1 )

[node name="slot_59" parent="slots" instance=ExtResource( 3 )]
transform = Transform( 0.25, 0, -0.433013, 0, 0.6, 0, 0.433013, 0, 0.25, 1.29973, 0, 6.7721 )
physics_material_override = SubResource( 1 )

[node name="slot_60" parent="slots" instance=ExtResource( 3 )]
transform = Transform( 0.5, 0, 8.74228e-08, 0, 0.6, 0, -8.74228e-08, 0, 0.5, 0.657874, 0, 7.92082 )
physics_material_override = SubResource( 1 )

[node name="slot_61" parent="slots" instance=ExtResource( 3 )]
transform = Transform( 0.25, 0, 0.433013, 0, 0.6, 0, -0.433013, 0, 0.25, -0.657874, 0, 7.92082 )
physics_material_override = SubResource( 1 )

[node name="slot_62" parent="slots" instance=ExtResource( 3 )]
transform = Transform( -0.25, 0, 0.433013, 0, 0.6, 0, -0.433013, 0, -0.25, -1.29973, 0, 6.7721 )
physics_material_override = SubResource( 1 )

[node name="slot_63" parent="slots" instance=ExtResource( 3 )]
transform = Transform( -0.5, 0, -1.19249e-08, 0, 0.6, 0, 1.19249e-08, 0, -0.5, -2.61548, 0, 6.79059 )
physics_material_override = SubResource( 1 )

[node name="slot_64" parent="slots" instance=ExtResource( 3 )]
transform = Transform( -0.25, 0, -0.433013, 0, 0.6, 0, 0.433013, 0, -0.25, -3.25734, 0, 5.64187 )
physics_material_override = SubResource( 1 )

[node name="slot_65" parent="slots" instance=ExtResource( 3 )]
transform = Transform( 0.25, 0, -0.433013, 0, 0.6, 0, 0.433013, 0, 0.25, -4.57309, 0, 5.66037 )
physics_material_override = SubResource( 1 )

[node name="slot_66" parent="slots" instance=ExtResource( 3 )]
transform = Transform( 0.5, 0, 1.74846e-07, 0, 0.6, 0, -1.74846e-07, 0, 0.5, -5.21494, 0, 4.51165 )
physics_material_override = SubResource( 1 )

[node name="slot_67" parent="slots" instance=ExtResource( 3 )]
transform = Transform( 0.25, 0, 0.433013, 0, 0.6, 0, -0.433013, 0, 0.25, -6.53069, 0, 4.53014 )
physics_material_override = SubResource( 1 )

[node name="slot_68" parent="slots" instance=ExtResource( 3 )]
transform = Transform( -0.25, 0, 0.433013, 0, 0.6, 0, -0.433013, 0, -0.25, -7.18857, 0, 3.39067 )
physics_material_override = SubResource( 1 )

[node name="slot_69" parent="slots" instance=ExtResource( 3 )]
transform = Transform( -0.5, 0, 1.39071e-07, 0, 0.6, 0, -1.39071e-07, 0, -0.5, -6.51467, 0, 2.26045 )
physics_material_override = SubResource( 1 )

[node name="slot_70" parent="slots" instance=ExtResource( 3 )]
transform = Transform( -0.25, 0, -0.433013, 0, 0.6, 0, 0.433013, 0, -0.25, -7.18857, 0, 1.13022 )
physics_material_override = SubResource( 1 )

[node name="slot_71" parent="slots" instance=ExtResource( 3 )]
transform = Transform( 0.25, 0, -0.433013, 0, 0.6, 0, 0.433013, 0, 0.25, -6.51467, 0, 2.38419e-07 )
physics_material_override = SubResource( 1 )

[node name="slot_72" parent="slots" instance=ExtResource( 3 )]
transform = Transform( 0.5, 0, 2.38498e-08, 0, 0.6, 0, -2.38498e-08, 0, 0.5, -7.18857, 0, -1.13022 )
physics_material_override = SubResource( 1 )

[node name="slot_73" parent="slots" instance=ExtResource( 3 )]
transform = Transform( 0.25, 0, 0.433013, 0, 0.6, 0, -0.433013, 0, 0.25, -6.51467, 0, -2.26045 )
physics_material_override = SubResource( 1 )

[node name="slot_74" parent="slots" instance=ExtResource( 3 )]
transform = Transform( -0.25, 0, 0.433013, 0, 0.6, 0, -0.433013, 0, -0.25, -7.18857, 0, -3.39067 )
physics_material_override = SubResource( 1 )

[node name="slot_75" parent="slots" instance=ExtResource( 3 )]
transform = Transform( -0.5, 0, 2.90067e-07, 0, 0.6, 0, -2.90067e-07, 0, -0.5, -6.53069, 0, -4.53014 )
physics_material_override = SubResource( 1 )

[node name="slot_76" parent="slots" instance=ExtResource( 3 )]
transform = Transform( -0.25, 0, -0.433013, 0, 0.6, 0, 0.433013, 0, -0.25, -5.21494, 0, -4.51165 )
physics_material_override = SubResource( 1 )

[node name="slot_77" parent="slots" instance=ExtResource( 3 )]
transform = Transform( 0.25, 0, -0.433012, 0, 0.6, 0, 0.433012, 0, 0.25, -4.57309, 0, -5.66037 )
physics_material_override = SubResource( 1 )

[node name="slot_78" parent="slots" instance=ExtResource( 3 )]
transform = Transform( 0.5, 0, 3.49691e-07, 0, 0.6, 0, -3.49691e-07, 0, 0.5, -3.25734, 0, -5.64187 )
physics_material_override = SubResource( 1 )

[node name="slot_79" parent="slots" instance=ExtResource( 3 )]
transform = Transform( 0.25, 0, 0.433013, 0, 0.6, 0, -0.433013, 0, 0.25, -2.61548, 0, -6.79059 )
